[  89530989 1078875157 3721030712   89530989   89530989   89530989
   89530989   89530989   89530989   89530989 1078875157  427122318
   89530989   89530989  752998561  427122318  414906639  617827049
  617827049  414906639  116691713  414906639  116691713  116691713
  116691713  414906639  617827049  414906639  414906639 1512471827
  116691713  116691713  117553872 1398734776 2228491097  117553872
  117553872  306719741  117553872  117553872  117553872  117553872
  117553872  117553872  117553872  306719741 2039325228  117553872
  389248110   72292303 3099436370  230770383   72292303  547726190
   72292303   72292303  389248110   72292303  230770383  230770383
  389248110  864681997  706203917   72292303   32937132 2395030599
 3611922370   32937132   32937132  677228408   32937132   32937132
   32937132   32937132   32937132   32937132   32937132  677228408
  605537980   32937132  181144661 3654229763 4233077280  424179337
  181144661  181144661  181144661  181144661  181144661  424179337
  424179337  424179337  181144661 1003026854  181144661  181144661
  242162521  242162521  770538650  310120784  242162521  242162521
  242162521  242162521  770538650  310120784  242162521  242162521
 1366873042 1434830952 1366873042  310120784   36991974 2040814065
 2040814065   36991974   36991974   36991974   36991974   36991974
   36991974   36991974  531248374   36991974   36991974 1286031396
  531248374   36991974  143067525  143067525  143067525  337921127
  337921127  337921127  143067525  143067525  143067525  143067525
  143067525  337921127  337921127 1758015513 1047968320  143067525
   63864536 1038672047 2013479558  276268072   63864536   63864536
   63864536   63864536  459601434  276268072   63864536   63864536
   63864536   63864536  459601434  459601434  694440894 1044179560
 1044179560  694440894  694440894  764388486  694440894  764388486
  764388486  694440894  834336431  694440894  694440894  694440894
  764388486  764388486  202868528 1676477614 2574977147  265798333
  202868528  202868528  202868528  202868528  265798333  265798333
  202868528  202868528  202868528  202868528  715048276  265798333
   75851759   75851759 2587566287      49547      49547      49547
      49547      49547      49547      49547      49547   75851759
  728510955      49547      49547  402181357 1226931217 1226931217
 1226931217 1628961862 1360941432 1360941432 1226931217 1226931217
 1226931217 1226931217 1226931217 1360941432 1494951647 1494951647
 1762972077 1226931217  169764204 1759897687 1759897687   68428003
   68428003  169764204   68428003   68428003  169764204   68428003
   68428003   68428003  169764204  271100758  271100758   68428003
  273578478 1830454354 2260347466  649239517  273578478  273578478
  273578478  273578478  273578478  649239517  649239517  649239517
  273578478 1024900556  273578478  273578478]
[           inf            inf 1.09862897e+09 6.90746280e+08
 2.51986492e+08 2.51986492e+08 6.59869183e+08 2.51986492e+08
 6.59869183e+08 2.51986492e+08 2.51986492e+08 2.51986492e+08
 2.51986492e+08 6.90746280e+08 6.59869183e+08 2.51986492e+08
            inf            inf 3.94505635e+08 3.94505635e+08
 3.94505635e+08 3.94505635e+08 3.94505635e+08 3.94505635e+08
 3.94505635e+08 3.94505635e+08 4.86255346e+08 3.94505635e+08
 3.94505635e+08 3.94505635e+08 5.78004704e+08 4.86255346e+08
            inf            inf 9.17433540e+07 9.17433540e+07
 9.17433540e+07 9.17433540e+07 9.17433540e+07 9.17433540e+07
 9.17433540e+07 9.17433540e+07 2.84757961e+08 2.84757961e+08
 9.17433540e+07 9.17433540e+07 9.17433540e+07 2.84757961e+08
            inf            inf 3.10715481e+09 3.02083837e+09
 3.02083837e+09 3.06399659e+09 3.06399659e+09 3.02083837e+09
 3.02083837e+09 3.06399659e+09 3.02083837e+09 3.02083837e+09
 3.02083837e+09 3.10715481e+09 3.15031303e+09 3.15031303e+09
            inf            inf 4.68387050e+07 4.68387050e+07
 4.68387050e+07 4.68387050e+07 4.68387050e+07 1.72007357e+08
 1.72007357e+08 4.68387050e+07 4.68387050e+07 4.68387050e+07
 1.72007357e+08 1.72007357e+08 4.68387050e+07 4.68387050e+07
            inf            inf 5.96759042e+08 5.96759042e+08
 8.04904000e+07 3.38624721e+08 5.96759042e+08 8.04904000e+07
 8.54893363e+08 3.38624721e+08 8.04904000e+07 8.04904000e+07
 8.04904000e+07 8.54893363e+08 3.38624721e+08 8.04904000e+07
            inf            inf 1.77868689e+09 6.65912280e+08
 2.65656286e+08 2.65656286e+08 4.21787772e+08 2.65656286e+08
 4.21787772e+08 2.65656286e+08 2.65656286e+08 2.65656286e+08
 2.65656286e+08 1.77868689e+09 1.37843089e+09 2.65656286e+08
            inf            inf 8.95926837e+08 7.00962672e+08
 3.75382761e+08 7.00962672e+08 4.98028500e+07 4.98028500e+07
 4.98028500e+07 7.00962672e+08 3.75382761e+08 3.75382761e+08
 3.75382761e+08 1.22150675e+09 8.95926837e+08 3.75382761e+08
            inf            inf 5.23723200e+06 5.23723200e+06
 5.23723200e+06 5.23723200e+06 5.23723200e+06 5.23723200e+06
 5.23723200e+06 5.23723200e+06 2.22952293e+08 5.23723200e+06
 5.23723200e+06 5.23723200e+06 4.40667001e+08 2.22952293e+08
            inf            inf 9.97707374e+08 2.76851070e+07
 2.76851070e+07 9.97707374e+08 9.97707374e+08 2.76851070e+07
 2.76851070e+07 1.02962095e+09 2.76851070e+07 2.76851070e+07
 2.76851070e+07 2.15921179e+09 1.02962095e+09 9.97707374e+08
            inf            inf 2.56535028e+08 2.56535028e+08
 2.56535028e+08 2.56535028e+08 2.56535028e+08 2.56535028e+08
 2.56535028e+08 2.56535028e+08 3.45650387e+08 3.45650387e+08
 2.56535028e+08 2.56535028e+08 2.56535028e+08 2.56535028e+08
            inf            inf 8.81766396e+08 8.81766396e+08
 1.06522042e+08 1.06522042e+08 8.81766396e+08 1.06522042e+08
 1.14018142e+09 1.06522042e+08 1.06522042e+08 1.06522042e+08
 1.06522042e+08 1.14018142e+09 6.23351729e+08 1.06522042e+08
            inf            inf 2.17076140e+08 2.17076140e+08
 2.17076140e+08 2.17076140e+08 2.17076140e+08 2.17076140e+08
 2.17076140e+08 2.17076140e+08 3.32459048e+08 2.17076140e+08
 2.17076140e+08 2.17076140e+08 3.32459048e+08 3.32459048e+08
            inf            inf 7.65308124e+08 5.56941170e+08
 5.56941170e+08 1.81508277e+08 1.81508277e+08 1.81508277e+08
 1.81508277e+08 1.81508277e+08 1.81508277e+08 1.81508277e+08
 5.56941170e+08 1.34910832e+09 1.81508277e+08 5.56941170e+08
            inf            inf 1.82440540e+09 2.78480400e+07
 2.78480400e+07 4.76987381e+08 2.78480400e+07 2.78480400e+07
 1.62797929e+09 2.78480400e+07 2.78480400e+07 2.78480400e+07
 2.78480400e+07 2.27354474e+09 2.78480400e+07 2.78480400e+07
            inf            inf 3.32194079e+08 3.32194079e+08
 3.32194079e+08 3.32194079e+08 3.32194079e+08 3.32194079e+08
 5.23185395e+08 5.23185395e+08 3.32194079e+08 3.32194079e+08
 4.27689737e+08 5.23185395e+08 5.23185395e+08 3.32194079e+08]
No near-duplicates found in cup (threshold 70.00%)
