[169 170 140 123 133 137 135 151 151 140 144 140 164 173 175 150 130 190
 186  79  38  59  61  70  83  96  99 116 127 189 178 170 163 138 200 199
  95  35  62  64  73  86  98 103 114 124 115  97 172 219 168 203 221 128
  37  65  65  73  87 100 107 117 110 119 158 103 170 196 208 222 145  39
  63  70  84  98 105 108 122 116 155 211 164  93 205 212 220 158  46  71
  77  77  93 115 119 124 137 184 191 187  88 182 200 192 167  57  72 106
  88 116 139 121 122 127 154 126 100  61 133 185 160 163  74  69 125 103
 117 142 118 123 104  79  57  52  43  89 181 204 181  80  75  82  86  90
 110 125 117  84  66  69  42  48  96 151 141 126  87  82 101  96  97 117
 121 113  91  78  78  39  62  98 130 115  99  93  86 100 113 114 117 117
 110 121 105  85  82 100  92 180 125  93  88  88  98 107 114 115 116 119
 120 131 103  76  98 118 191 192 154  76  86  97 105 109 112 113 127 104
  89 140 158 122  98 201 217 217 104  82  95 105 113 117 117 115 137 196
 217 219 203 123 190 206 228 153  82  97 107 113 117 117 116 171 208 208
 198 196 171 190 196 208 215 156 120 119 123 137 165 180 185 178 136 107
  96 107]
[255 253 233 225 229 230 230 229 231 232 232 246 254 255 255 255 255 255
 237 145 133 155 178 193 202 210 212 214 227 255 255 255 255 255 255 225
 123 124 142 170 190 201 208 214 218 218 240 249 255 255 255 255 226 127
 134 152 173 188 202 210 213 218 211 191 208 242 253 255 255 226 128 111
 122 173 201 204 207 215 220 198 163 130 185 247 255 255 225 132  62  92
 214 201 217 214 199 207 220 254 216 125 218 255 255 225 135  67  79 211
 186 213 222 180 199 232 253 255 162 174 254 255 225 138  80  61 197 230
 215 216 186 199 232 252 254 195 158 249 255 224 136  79  71 218 194 166
 213 200 196 233 253 255 198 162 247 255 225 138  82  73 187 224 202 223
 204 206 229 253 255 174 183 249 255 226 134 139 140 174 199 213 212 212
 218 225 243 218 171 210 253 255 227 128 156 164 182 195 204 212 217 221
 177 185 189 190 240 255 255 227 122 157 163 183 199 208 213 219 226 188
 172 197 241 255 254 255 242 125 131 159 176 194 203 205 204 200 239 255
 255 255 254 255 255 255 227 177 160 158 164 168 172 184 214 251 254 254
 254 255 255 255 255 255 255 255 249 246 247 252 255 255 255 255 255 255
 255 255]
No near-duplicates found in cup (threshold 0.00%)
